1248 1248 1247 1245 1250 
1249 1245 1247 1248 1249 
1249 1246 1247 1246 1250 
1248 1249 1244 1250 1247 
1247 1247 1247 1247 1250 
1248 1246 1248 1247 1249 
1247 1247 1247 1248 1249 
1247 1247 1248 1246 1250 
1247 1247 1248 1246 1250 
1247 1247 1249 1245 1250 
1247 1247 1247 1247 1250 
1247 1247 1247 1248 1249 
1247 1248 1249 1244 1250 
1247 1248 1248 1245 1250 
1247 1247 1247 1247 1250 
1247 1247 1248 1246 1250 
1247 1247 1247 1248 1249 
1247 1248 1246 1248 1249 
1247 1247 1247 1247 1250 
1247 1247 1249 1245 1250 
1248 1246 1252 1244 1248 
1248 1247 1247 1246 1250 
1247 1247 1248 1246 1250 
1247 1247 1247 1248 1249 
1247 1249 1245 1247 1250 
1249 1245 1247 1248 1249 
1247 1247 1248 1247 1249 
1247 1248 1246 1247 1250 
1247 1248 1246 1247 1250 
1247 1248 1246 1248 1249 
1248 1246 1247 1247 1250 
1247 1249 1246 1246 1250 
1247 1249 1247 1245 1250 
1248 1246 1247 1247 1250 
1249 1245 1247 1248 1249 
1247 1247 1248 1246 1250 
1248 1247 1247 1246 1250 
1248 1246 1249 1246 1249 
1247 1248 1246 1247 1250 
1247 1247 1247 1247 1250 
1247 1250 1244 1247 1250 
1247 1247 1249 1245 1250 
1247 1247 1248 1246 1250 
1247 1247 1247 1247 1250 
1248 1247 1246 1247 1250 
1247 1249 1245 1247 1250 
1247 1250 1244 1248 1249 
1247 1247 1247 1247 1250 
1248 1246 1247 1247 1250 
1247 1247 1248 1246 1250 
1247 1249 1245 1247 1250 
1247 1248 1246 1247 1250 
1247 1249 1245 1249 1248 
1247 1247 1248 1248 1248 
1247 1247 1247 1248 1249 
1247 1247 1247 1248 1249 
1247 1247 1249 1245 1250 
1247 1251 1245 1245 1250 
1248 1246 1250 1245 1249 
1247 1249 1245 1247 1250 
1247 1247 1247 1247 1250 
1247 1249 1246 1247 1249 
1248 1246 1247 1248 1249 
1248 1246 1247 1247 1250 
1247 1249 1246 1248 1248 
1247 1247 1249 1247 1248 
1248 1246 1247 1247 1250 
1247 1249 1246 1246 1250 
1247 1247 1248 1246 1250 
1247 1247 1247 1247 1250 
1247 1248 1246 1247 1250 
1249 1245 1247 1247 1250 
1248 1246 1247 1247 1250 
1247 1247 1247 1247 1250 
1247 1249 1245 1247 1250 
1248 1246 1247 1247 1250 
1247 1247 1247 1247 1250 
1247 1247 1248 1246 1250 
1249 1245 1247 1248 1249 
1247 1247 1248 1248 1248 
1251 1243 1250 1244 1250 
1247 1249 1246 1247 1249 
1247 1247 1247 1247 1250 
1247 1247 1247 1249 1248 
1247 1247 1247 1248 1249 
1247 1247 1249 1247 1248 
1247 1247 1247 1251 1246 
1248 1247 1247 1246 1250 
1247 1247 1247 1248 1249 
1249 1246 1246 1247 1250 
1247 1247 1249 1246 1249 
1247 1248 1248 1245 1250 
1247 1247 1248 1246 1250 
1247 1247 1249 1246 1249 
1247 1248 1247 1247 1249 
1247 1247 1250 1245 1249 
1248 1247 1247 1249 1247 
1248 1247 1247 1246 1250 
1247 1247 1247 1247 1250 
1248 1246 1247 1247 1250 
1247 1247 1247 1247 1250 
1247 1249 1245 1247 1250 
1247 1247 1247 1247 1250 
1249 1245 1247 1247 1250 
1248 1247 1246 1247 1250 
1247 1247 1247 1247 1250 
1247 1247 1247 1247 1250 
1249 1246 1246 1248 1249 
1248 1248 1245 1247 1250 
1247 1247 1247 1247 1250 
1247 1247 1248 1246 1250 
1248 1246 1247 1247 1250 
1248 1247 1246 1247 1250 
1247 1247 1249 1246 1249 
1247 1247 1248 1246 1250 
1247 1247 1247 1248 1249 
1247 1248 1246 1247 1250 
1248 1246 1247 1247 1250 
1247 1247 1247 1247 1250 
1247 1247 1248 1246 1250 
1248 1249 1244 1247 1250 
1248 1246 1247 1247 1250 
1248 1246 1247 1247 1250 
1248 1246 1247 1248 1249 
1248 1246 1248 1246 1250 
1247 1249 1246 1249 1247 
1247 1250 1244 1247 1250 
1247 1248 1246 1248 1249 
1248 1246 1248 1246 1250 
1249 1246 1247 1246 1250 
1247 1249 1245 1248 1249 
1250 1245 1247 1247 1249 
1247 1248 1246 1247 1250 
1248 1246 1247 1247 1250 
1247 1247 1247 1249 1248 
1247 1249 1245 1247 1250 
1248 1247 1246 1247 1250 
1248 1247 1246 1248 1249 
1249 1245 1247 1247 1250 
1248 1246 1247 1249 1248 
1249 1245 1247 1247 1250 
1247 1248 1246 1247 1250 
1247 1249 1247 1245 1250 
1247 1247 1248 1246 1250 
1247 1247 1247 1248 1249 
1247 1248 1246 1249 1248 
1247 1248 1246 1247 1250 
1247 1248 1246 1247 1250 
1247 1247 1247 1247 1250 
1247 1247 1248 1246 1250 
1247 1247 1248 1246 1250 
1247 1247 1247 1247 1250 
1247 1247 1247 1247 1250 
1248 1246 1247 1247 1250 
1247 1247 1248 1246 1250 
1247 1247 1247 1247 1250 
1250 1245 1248 1246 1249 
1247 1247 1247 1248 1249 
1248 1246 1247 1247 1250 
1247 1247 1247 1249 1248 
1248 1248 1245 1247 1250 
1247 1247 1248 1248 1248 
1248 1247 1246 1247 1250 
1247 1247 1247 1247 1250 
1247 1247 1247 1247 1250 
1248 1247 1246 1247 1250 
1247 1247 1247 1247 1250 
1247 1247 1247 1247 1250 
1250 1244 1247 1247 1250 
1247 1247 1247 1247 1250 
1248 1247 1246 1248 1249 
1247 1248 1246 1247 1250 
1248 1246 1248 1246 1250 
1250 1245 1246 1247 1250 
1248 1247 1246 1247 1250 
1247 1248 1246 1248 1249 
1248 1246 1247 1248 1249 
1247 1247 1247 1247 1250 
1248 1246 1247 1247 1250 
1247 1247 1247 1248 1249 
1247 1247 1249 1245 1250 
1247 1247 1247 1248 1249 
1247 1247 1247 1248 1249 
1247 1247 1247 1247 1250 
1247 1247 1249 1245 1250 
1247 1247 1248 1247 1249 
1247 1247 1248 1246 1250 
1247 1248 1246 1248 1249 
1247 1247 1250 1244 1250 
1247 1247 1247 1248 1249 
1247 1247 1251 1243 1250 
1247 1247 1247 1248 1249 
1247 1248 1249 1245 1249 
1247 1248 1246 1247 1250 
1247 1248 1248 1245 1250 
1247 1249 1245 1247 1250 
1247 1248 1246 1247 1250 
1247 1247 1247 1247 1250 
1247 1247 1247 1247 1250 
1247 1247 1247 1248 1249 
1248 1246 1248 1246 1250 
1247 1250 1244 1247 1250 
1247 1247 1248 1246 1250 
1248 1246 1247 1248 1249 
1247 1247 1247 1248 1249 
1247 1249 1245 1247 1250 
1247 1247 1247 1247 1250 
1247 1247 1249 1245 1250 
1248 1247 1246 1248 1249 
1247 1247 1247 1247 1250 
1247 1247 1247 1247 1250 
1247 1249 1245 1249 1248 
1247 1247 1248 1249 1247 
1248 1246 1249 1245 1250 
1247 1247 1247 1248 1249 
1247 1248 1246 1248 1249 
1247 1248 1246 1248 1249 
1247 1249 1245 1248 1249 
1247 1247 1247 1247 1250 
1250 1244 1247 1247 1250 
1247 1248 1246 1247 1250 
1248 1248 1245 1247 1250 
1247 1247 1247 1247 1250 
1247 1247 1247 1247 1250 
1262 1232 1257 1240 1247 
1247 1260 1311 1170 1250 
1247 1251 1257 1238 1245 
1248 1253 1288 1200 1249 
1254 1244 1245 1247 1248 
1250 1249 1242 1247 1250 
1255 1239 1247 1247 1250 
1270 1224 1250 1244 1250 
1248 1248 1250 1245 1247 
1262 1270 1209 1247 1250 
1249 1250 1242 1256 1241 
1258 1250 1240 1251 1239 
1280 1224 1241 1249 1244 
1251 1243 1253 1244 1247 
1251 1244 1254 1252 1237 
1253 1243 1246 1272 1224 
1248 1246 1259 1239 1246 
1254 1244 1260 1233 1247 
1249 1248 1246 1253 1242 
1258 1237 1255 1247 1241 
1249 1268 1224 1248 1249 
1247 1271 1261 1221 1238 
1252 1243 1256 1249 1238 
1272 1230 1254 1241 1241 
1247 1267 1235 1244 1245 
1247 1254 1253 1242 1242 
1261 1233 1252 1245 1247 
1247 1250 1246 1253 1242 
1256 1275 1210 1260 1237 
1249 1245 1247 1270 1227 
1260 1240 1246 1257 1235 
1247 1276 1221 1247 1247 
1265 1268 1208 1249 1248 
1265 1230 1253 1244 1246 
1247 1247 1252 1255 1237 
1291 1218 1243 1244 1242 
1247 1251 1243 1253 1244 
1257 1241 1246 1247 1247 
1248 1256 1241 1246 1247 
1249 1251 1242 1265 1231 
1264 1240 1363 1124 1247 
1254 1256 1238 1252 1238 
1251 1253 1247 1237 1250 
1250 1261 1240 1248 1239 
1250 1248 1245 1247 1248 
1274 1226 1246 1243 1249 
1257 1245 1244 1252 1240 
1247 1257 1239 1256 1239 
1249 1284 1209 1249 1247 
1253 1244 1256 1238 1247 
1250 1295 1206 1244 1243 
1248 1265 1228 1252 1245 
1252 1248 1269 1220 1249 
1252 1243 1251 1242 1250 
1260 1234 1292 1206 1246 
1249 1285 1233 1236 1235 
1253 1241 1249 1266 1229 
1252 1244 1245 1256 1241 
1247 1250 1248 1249 1244 
1247 1248 1246 1262 1235 
1247 1250 1251 1244 1246 
1252 1249 1242 1245 1250 
1318 1176 1247 1252 1245 
1257 1245 1243 1249 1244 
1273 1224 1246 1247 1248 
1247 1283 1220 1239 1249 
1250 1244 1250 1248 1246 
1248 1251 1242 1247 1250 
1251 1245 1249 1243 1250 
1247 1247 1249 1246 1249 
1248 1246 1248 1246 1250 
1247 1249 1246 1246 1250 
1250 1244 1248 1247 1249 
1248 1248 1246 1246 1250 
1250 1249 1243 1246 1250 
1249 1245 1249 1245 1250 
1249 1246 1246 1249 1248 
1247 1247 1247 1247 1250 
1251 1243 1247 1247 1250 
1247 1250 1244 1254 1243 
1248 1248 1248 1245 1249 
1248 1248 1245 1247 1250 
1248 1247 1247 1247 1249 
1249 1247 1245 1247 1250 
1248 1247 1247 1248 1248 
1248 1246 1255 1241 1248 
1250 1244 1248 1246 1250 
1247 1247 1247 1247 1250 
1247 1248 1247 1250 1246 
1247 1247 1251 1260 1233 
1249 1245 1249 1247 1248 
1248 1248 1247 1245 1250 
1248 1250 1249 1242 1249 
1249 1262 1234 1250 1243 
1248 1253 1242 1245 1250 
1247 1251 1245 1245 1250 
5504 0 0 0 734 
5325 0 0 0 913 
5069 0 0 0 1169 
4711 0 0 282 1245 
4235 0 0 756 1247 
3797 0 0 1192 1249 
2928 0 813 1249 1248 
1655 840 1247 1246 1250 
1262 1234 1250 1242 1250 
1258 1237 1250 1244 1249 
1248 1248 1245 1247 1250 
1249 1245 1248 1248 1248 
1247 1250 1244 1248 1249 
1248 1246 1247 1247 1250 
1247 1249 1245 1247 1250 
1247 1248 1247 1246 1250 
1247 1250 1244 1249 1248 
1247 1248 1246 1247 1250 
1247 1247 1247 1247 1250 
1250 1245 1246 1247 1250 
1247 1248 1247 1247 1249 
1248 1247 1246 1248 1249 
1248 1247 1252 1241 1250 
1247 1252 1242 1247 1250 
1258 1246 1239 1246 1249 
1250 1256 1236 1247 1249 
2350 145 1257 1238 1248 
3889 0 0 1102 1247 
4560 0 0 435 1243 
4839 0 0 149 1250 
4997 0 0 0 1241 
5078 0 0 0 1160 
5128 0 0 0 1110 
5504 0 0 0 734 
5325 0 0 0 913 
5069 0 0 0 1169 
4711 0 0 277 1250 
4235 0 0 753 1250 
3797 0 0 1191 1250 
2928 0 817 1243 1250 
1655 849 1237 1247 1250 
1254 1243 1244 1247 1250 
1255 1240 1247 1246 1250 
1247 1248 1248 1245 1250 
1247 1248 1246 1247 1250 
1247 1248 1248 1246 1249 
1247 1247 1247 1247 1250 
1248 1246 1248 1246 1250 
1247 1247 1247 1247 1250 
1247 1247 1248 1246 1250 
1247 1247 1247 1247 1250 
1247 1250 1245 1246 1250 
1247 1249 1247 1245 1250 
1247 1247 1250 1245 1249 
1248 1246 1249 1246 1249 
1250 1244 1254 1241 1249 
1251 1248 1248 1241 1250 
1249 1253 1249 1239 1248 
1247 1247 1253 1242 1249 
2350 146 1248 1245 1249 
3889 0 0 1099 1250 
4560 0 0 430 1248 
4839 0 0 149 1250 
4997 0 0 0 1241 
5078 0 0 0 1160 
5128 0 0 0 1110 
5510 0 0 0 728 
5330 0 0 0 908 
5073 0 0 0 1165 
4720 0 0 270 1248 
4249 0 0 756 1233 
3808 0 0 1184 1246 
2939 0 853 1197 1249 
1688 818 1235 1247 1250 
1319 1285 1142 1245 1247 
1266 1230 1252 1242 1248 
1251 1257 1239 1247 1244 
1253 1241 1249 1254 1241 
1248 1284 1237 1225 1244 
1247 1253 1241 1249 1248 
1247 1252 1249 1242 1248 
1250 1251 1241 1246 1250 
1247 1253 1241 1247 1250 
1282 1218 1242 1246 1250 
1247 1250 1249 1242 1250 
1247 1249 1246 1246 1250 
1252 1250 1241 1246 1249 
1251 1247 1250 1262 1228 
1256 1248 1243 1245 1246 
1248 1279 1214 1258 1239 
1250 1245 1262 1235 1246 
1262 1279 1220 1237 1240 
2351 151 1241 1248 1247 
3893 0 0 1102 1243 
4562 0 0 426 1250 
4841 0 0 150 1247 
4997 0 0 0 1241 
5078 0 0 0 1160 
5128 0 0 0 1110 
5519 0 0 0 719 
5353 0 0 0 885 
5112 0 0 0 1126 
4765 0 0 275 1198 
4311 0 0 683 1244 
3879 0 0 1130 1229 
3046 0 746 1198 1248 
1828 745 1229 1189 1247 
1317 1206 1254 2461 0 
1280 1219 3739 0 0 
1260 4978 0 0 0 
1266 4972 0 0 0 
1288 1305 1214 1186 1245 
1417 1351 1076 1169 1225 
1435 1198 1222 1180 1203 
1482 1127 1231 1158 1240 
1252 1431 1088 1247 1220 
1306 1272 1248 1167 1245 
1489 1038 1367 1111 1233 
1465 1192 1126 1214 1241 
1247 1329 1201 1243 1218 
1288 1243 1246 1218 1243 
1385 1148 1314 1159 1232 
1443 1115 1268 1181 1231 
1261 1321 1278 1177 1201 
1329 1246 1274 1200 1189 
2543 0 1244 1255 1196 
4015 0 0 979 1244 
4675 0 0 318 1245 
4931 0 0 77 1230 
5087 0 0 0 1151 
5152 0 0 0 1086 
5189 0 0 0 1049 
1247 1247 1248 2496 0 
1248 1246 1247 2497 0 
1247 1247 1247 2497 0 
1247 1247 1247 2497 0 
1247 1249 1245 2497 0 
1247 1247 1247 2497 0 
1247 1247 1248 2496 0 
1247 1247 1248 2496 0 
1247 1247 1247 2497 0 
1247 1247 1247 2497 0 
1247 1247 1247 1247 1250 
1248 1246 1247 1247 1250 
1247 1248 1247 1246 1250 
1249 1245 1247 1247 1250 
1247 1248 1246 1247 1250 
1247 1247 1248 1246 1250 
1247 1247 1247 1247 1250 
1247 1248 1246 1247 1250 
1247 1247 1247 1247 1250 
1247 1250 1245 1246 1250 
1288 1247 1217 1246 1240 
1258 1263 1242 1281 1194 
1251 1244 1246 1247 1250 
1247 1247 1248 1246 1250 
1247 1248 1246 1248 1249 
1247 1247 1247 1247 1250 
1247 1247 1247 1249 1248 
1248 1250 3740 0 0 
1247 1247 1249 1245 1250 
1247 1249 1246 1246 1250 
1247 1247 1247 1248 1249 
1247 1247 1247 1247 1250 
1248 1246 1247 1247 1250 
1248 1246 1247 1247 1250 
1257 1240 1245 1246 1250 
1247 1247 1247 1247 1250 
1247 1247 1247 1249 1248 
1248 1253 1242 1255 1240 
1253 1247 1241 1249 1248 
1247 1248 1250 1246 1247 
1247 1257 1237 1247 1250 
1249 1245 1247 1247 1250 
1248 1246 1247 1247 1250 
1248 1246 1251 1244 1249 
1249 1245 1247 1247 1250 
1248 1247 1246 1248 1249 
1247 1247 1247 1247 1250 
1248 1247 1247 1248 1248 
1247 1249 1245 1247 1250 
1250 1244 1248 1252 1244 
1247 1249 1246 1246 1250 
1249 1246 1248 1245 1250 
1248 1248 1245 1247 1250 
1247 1247 1247 1248 1249 
1247 1247 1247 1247 1250 
1253 1241 1247 1247 1250 
1247 1247 1248 1246 1250 
1247 1247 1247 1249 1248 
1250 1244 1247 1247 1250 
1248 1248 1246 1246 1250 
1247 1247 1247 1248 1249 
1247 1247 1250 1245 1249 
1247 1262 1235 1244 1250 
1247 1247 1247 1248 1249 
1249 1245 1250 1245 1249 
1247 1247 1247 1247 1250 
1249 1245 1247 1248 1249 
1248 1246 1248 1246 1250 
1247 1247 1247 1247 1250 
1249 1245 1247 1248 1249 
1247 1247 1261 1236 1247 
1248 1247 1246 1247 1250 
1247 1247 1248 1253 1243 
1257 1237 1249 1245 1250 
1247 1248 1246 1247 1250 
1248 1247 1247 1246 1250 
1253 1241 1247 1248 1249 
1247 1249 1246 1246 1250 
1247 1247 1247 1248 1249 
1248 1246 1248 1246 1250 
1247 1247 1247 1248 1249 
1247 1248 1247 1247 1249 
1248 1247 1246 1247 1250 
1247 1248 1246 1247 1250 
1248 1246 1247 1248 1249 
1248 1248 1245 1247 1250 
1247 1248 1246 1250 1247 
1247 1248 1246 1247 1250 
1250 1246 1246 1246 1250 
1247 1247 1248 1246 1250 
1247 1248 1246 1247 1250 
1248 1246 1247 1247 1250 
1247 1247 1252 1244 1248 
1247 1247 1250 1244 1250 
1249 1245 1247 1249 1248 
1247 1247 1248 1247 1249 
1247 1249 1245 1248 1249 
1248 1246 1247 1248 1249 
1247 1247 1247 1247 1250 
1247 1248 1246 1247 1250 
1247 1248 1246 1250 1247 
1247 1247 1247 1248 1249 
1247 1247 1255 1242 1247 
1247 1247 1247 1249 1248 
1247 1248 1246 1248 1249 
1247 1249 1245 1248 1249 
1247 1247 1247 1248 1249 
1248 1247 1247 1247 1249 
1247 1247 1251 1243 1250 
1247 1247 1247 1247 1250 
1248 1248 1245 1247 1250 
1247 1247 1248 1249 1247 
1247 1248 1249 1244 1250 
1248 1247 1246 1247 1250 
1247 1247 1247 1248 1249 
1248 1254 1239 1247 1250 
1247 1251 1243 1247 1250 
1249 1245 1247 1247 1250 
1247 1250 1246 1247 1248 
1247 1247 1250 1244 1250 
1248 1250 1243 1248 1249 
1249 1246 1247 1246 1250 
1247 1248 1247 1246 1250 
1251 1243 1250 1247 1247 
1251 1243 1247 1247 1250 
5074 0 0 0 1164 
5368 0 0 0 870 
2036 4202 0 0 0 
4435 0 0 812 991 
5505 0 0 0 733 
4106 0 0 1249 883 
2186 351 1211 1295 1195 
5390 0 0 0 848 
1247 1250 1245 1246 1250 
1247 1247 1251 1244 1249 
1247 1248 1246 1247 1250 
1247 1248 1246 1247 1250 
1247 1247 1247 1247 1250 
1247 1251 1243 1264 1233 
1247 1247 1247 1250 1247 
1250 1245 1246 1247 1250 
1247 1277 1221 1244 1249 
1247 1248 1246 1254 1243 
1247 1247 1247 1248 1249 
1247 1247 1249 1256 1239 
1247 1247 1247 1247 1250 
1249 1245 1247 1258 1239 
1247 1247 1250 1245 1249 
1247 1247 1249 1245 1250 
1248 1246 1250 1244 1250 
1247 1248 1248 1246 1249 
1248 1247 1246 1247 1250 
1248 1248 1246 1250 1246 
1248 1246 1248 1246 1250 
1247 1248 1256 1238 1249 
1252 1246 1244 1250 1246 
1249 1245 1247 1247 1250 
1250 1247 1247 1245 1249 
1247 1257 1237 1247 1250 
1247 1247 1248 1246 1250 
1250 1245 1249 1245 1249 
1251 1245 1245 1247 1250 
1248 1247 1248 1246 1249 
1247 1247 1249 1245 1250 
1247 1248 1248 1245 1250 
