-0.5844 -0.4808 -0.3622 -0.2006 
-0.1438 0.0284 0.1984 0.418 
0.0486 0.2414 0.4208 0.6364 
0.1948 0.3702 0.5252 0.7186 
-0.1702 0.2794 0.5308 0.752 
-0.4474 -0.0414 0.4396 0.7616 
-0.5462 -0.1994 0.1818 0.618 
-0.6076 -0.3004 0.012 0.4338 
-0.6498 -0.3706 -0.0824 0.3048 
-0.6768 -0.392 -0.1244 0.2134 
-0.6246 -0.358 -0.094 0.1932 
-0.5202 -0.2678 -0.0076 0.2628 
-0.4348 -0.1736 0.0896 0.3818 
-0.349 -0.0592 0.2072 0.544 
-0.2362 0.0688 0.3638 0.706 
-0.1496 0.1964 0.4922 0.7778 
-0.0418 0.3208 0.564 0.793 
0.0844 0.4204 0.6228 0.807 
0.2132 0.5076 0.6856 0.8434 
0.3254 0.5834 0.7428 0.8806 
0.368 0.6162 0.7712 0.897 
0.3334 0.5906 0.752 0.8852 
0.2832 0.5452 0.7278 0.8728 
0.2232 0.5162 0.7034 0.8656 
0.1942 0.4896 0.6874 0.8516 
0.1792 0.4484 0.6538 0.8344 
0.1616 0.4142 0.6146 0.8052 
0.1304 0.3846 0.575 0.7632 
0.0892 0.3462 0.5328 0.7234 
0.0336 0.315 0.505 0.695 
-0.045 0.2692 0.4692 0.671 
-0.1422 0.2116 0.4406 0.6552 
-0.5982 -0.5042 -0.3896 -0.2538 
-0.1704 -0.0292 0.1194 0.3244 
0.0238 0.2004 0.362 0.5648 
0.1826 0.3484 0.494 0.6694 
-0.1596 0.2818 0.5406 0.7578 
-0.432 -0.018 0.5054 0.7926 
-0.532 -0.1752 0.2556 0.7066 
-0.5928 -0.2674 0.0882 0.5878 
-0.6386 -0.3138 0.0142 0.4488 
-0.6608 -0.3434 -0.041 0.326 
-0.6124 -0.3218 -0.0286 0.2882 
-0.5206 -0.2562 0.0374 0.3264 
-0.4412 -0.183 0.1084 0.4196 
-0.371 -0.0986 0.198 0.5652 
-0.2736 0.0 0.336 0.6868 
-0.1808 0.134 0.4602 0.7728 
-0.088 0.2572 0.555 0.7984 
0.0476 0.3878 0.6108 0.8116 
0.1862 0.4726 0.663 0.834 
0.285 0.5464 0.716 0.865 
0.3398 0.5874 0.746 0.8794 
0.322 0.572 0.742 0.8746 
0.2728 0.5404 0.7186 0.8638 
0.231 0.5092 0.6926 0.8516 
0.192 0.481 0.6826 0.84 
0.182 0.4546 0.6562 0.8286 
0.1506 0.4264 0.6226 0.8104 
0.1234 0.3878 0.5802 0.7826 
0.0764 0.3504 0.5388 0.7354 
0.0324 0.3086 0.4984 0.6928 
-0.0502 0.253 0.463 0.661 
-0.1604 0.1912 0.4346 0.6494 
-0.604 -0.5062 -0.3932 -0.2592 
-0.1828 -0.046 0.1118 0.323 
0.014 0.194 0.3628 0.5796 
0.173 0.3354 0.4758 0.6592 
-0.1768 0.2488 0.52 0.7348 
-0.4494 -0.059 0.5132 0.7888 
-0.5548 -0.2066 0.2976 0.7486 
-0.6074 -0.2934 0.1416 0.6578 
-0.6504 -0.3346 0.0624 0.559 
-0.6762 -0.3708 0.009 0.4628 
-0.6318 -0.33 0.0218 0.4042 
-0.5456 -0.255 0.0842 0.4342 
-0.4772 -0.1964 0.1458 0.5124 
-0.4088 -0.1292 0.2144 0.6144 
-0.3222 -0.0438 0.303 0.6788 
-0.2366 0.0672 0.3962 0.7254 
-0.1308 0.1898 0.4848 0.763 
-0.0168 0.304 0.5718 0.7916 
0.1118 0.4062 0.6276 0.8206 
0.2184 0.4792 0.6738 0.839 
0.2644 0.52 0.7006 0.861 
0.2542 0.53 0.7158 0.8666 
0.2188 0.506 0.6982 0.8646 
0.1842 0.4764 0.675 0.847 
0.1608 0.448 0.6604 0.8328 
0.1466 0.4186 0.6306 0.8232 
0.1254 0.398 0.605 0.8052 
0.0884 0.3662 0.5754 0.79 
0.0416 0.3272 0.5268 0.7378 
-0.0138 0.2806 0.488 0.6854 
-0.0894 0.23 0.4504 0.6534 
-0.1924 0.1686 0.4114 0.6292 
-0.599 -0.4956 -0.377 -0.2364 
-0.1882 -0.0432 0.1368 0.352 
0.0278 0.2364 0.42 0.649 
0.1684 0.3404 0.5 0.7086 
-0.2124 0.165 0.4726 0.7194 
-0.485 -0.128 0.4196 0.7828 
-0.592 -0.2696 0.2196 0.7446 
-0.634 -0.3432 0.1014 0.6544 
-0.6844 -0.3788 0.0376 0.5784 
-0.7188 -0.408 0.0068 0.5138 
-0.6786 -0.3694 0.0256 0.4664 
-0.5994 -0.3094 0.0778 0.5 
-0.5332 -0.246 0.1324 0.5562 
-0.4766 -0.1898 0.1788 0.61 
-0.3924 -0.1118 0.25 0.6522 
-0.3188 -0.0062 0.3384 0.676 
-0.213 0.1234 0.4292 0.7152 
-0.0934 0.2582 0.5304 0.7686 
0.0164 0.3626 0.6044 0.7952 
0.1226 0.4238 0.637 0.8272 
0.1666 0.4734 0.67 0.844 
0.1724 0.4888 0.6872 0.8574 
0.1436 0.4714 0.678 0.8556 
0.0912 0.429 0.6526 0.8394 
0.077 0.3966 0.6344 0.8218 
0.063 0.3674 0.6042 0.8128 
0.0522 0.3468 0.5806 0.7928 
0.0144 0.3208 0.5468 0.7696 
-0.0364 0.2832 0.5026 0.7316 
-0.0896 0.2464 0.4624 0.6684 
-0.1632 0.1884 0.4324 0.6408 
-0.2474 0.138 0.3874 0.6232 
-0.5906 -0.4686 -0.3458 -0.1814 
-0.1794 -0.0108 0.1884 0.4226 
0.0742 0.2972 0.496 0.7476 
0.1674 0.3598 0.5368 0.7802 
-0.2648 0.0856 0.4396 0.7104 
-0.5328 -0.214 0.2438 0.7642 
-0.6252 -0.3384 0.1166 0.72 
-0.6528 -0.3984 0.0514 0.5588 
-0.7226 -0.4632 0.0064 0.485 
-0.7652 -0.5078 -0.0448 0.4244 
-0.7264 -0.487 -0.0714 0.4246 
-0.6474 -0.4364 -0.0644 0.479 
-0.5942 -0.384 -0.0172 0.5422 
-0.5648 -0.3334 0.0488 0.5816 
-0.4864 -0.2388 0.1598 0.625 
-0.4322 -0.1234 0.2528 0.6524 
-0.3462 0.0184 0.368 0.6912 
-0.2336 0.1714 0.4798 0.7486 
-0.104 0.2938 0.5752 0.7944 
0.0052 0.3732 0.6248 0.827 
0.0664 0.4198 0.6544 0.843 
0.0638 0.4418 0.67 0.8504 
0.0366 0.4166 0.6556 0.8504 
-0.002 0.3724 0.6266 0.8384 
-0.0382 0.3304 0.5958 0.8072 
-0.047 0.3072 0.5636 0.788 
-0.0588 0.2788 0.533 0.7674 
-0.1134 0.2438 0.4972 0.7506 
-0.159 0.2 0.4484 0.6912 
-0.2026 0.1578 0.4058 0.6286 
-0.2552 0.1216 0.3768 0.5976 
-0.3074 0.077 0.3468 0.5812 
-0.571 -0.4328 -0.2898 -0.1026 
-0.1384 0.0758 0.2842 0.5286 
0.1192 0.3592 0.5772 0.8274 
0.1782 0.3992 0.587 0.8366 
-0.2928 0.062 0.4294 0.7198 
-0.564 -0.2492 0.1878 0.734 
-0.6262 -0.3554 0.082 0.626 
-0.6594 -0.4202 -0.0032 0.4552 
-0.7342 -0.5128 -0.1058 0.3468 
-0.7902 -0.596 -0.2132 0.2858 
-0.7606 -0.587 -0.2728 0.2916 
-0.6788 -0.5172 -0.2442 0.3688 
-0.6368 -0.4788 -0.1962 0.4484 
-0.6206 -0.439 -0.1346 0.504 
-0.5568 -0.3486 -0.0108 0.5336 
-0.516 -0.2586 0.0972 0.571 
-0.4474 -0.1148 0.2446 0.6304 
-0.3682 0.0214 0.396 0.7278 
-0.286 0.1638 0.5206 0.7922 
-0.1692 0.274 0.5942 0.8182 
-0.1064 0.328 0.6116 0.832 
-0.0848 0.356 0.6364 0.8498 
-0.1272 0.3406 0.6302 0.8426 
-0.1608 0.288 0.5924 0.8274 
-0.1738 0.2548 0.5454 0.7932 
-0.1754 0.2156 0.5062 0.7532 
-0.2062 0.1834 0.473 0.7242 
-0.247 0.144 0.42 0.6898 
-0.2878 0.0946 0.3694 0.6298 
-0.3138 0.0516 0.3202 0.5678 
-0.3524 0.0308 0.2942 0.5286 
-0.3904 -0.008 0.2738 0.5084 
-0.538 -0.3446 -0.161 0.052 
-0.0886 0.1738 0.4112 0.6738 
0.044 0.3164 0.549 0.7994 
0.0042 0.2766 0.4924 0.7492 
-0.3944 -0.0774 0.2654 0.6086 
-0.5708 -0.3 0.091 0.5838 
-0.5922 -0.3424 0.0146 0.5234 
-0.6078 -0.3918 -0.0774 0.3812 
-0.725 -0.5362 -0.2326 0.2484 
-0.8042 -0.6444 -0.3836 0.112 
-0.7648 -0.622 -0.409 0.0954 
-0.6606 -0.5114 -0.3126 0.1926 
-0.6192 -0.4642 -0.2638 0.2832 
-0.6074 -0.4538 -0.243 0.3026 
-0.5432 -0.3632 -0.1168 0.386 
-0.5168 -0.3248 -0.0432 0.4198 
-0.4502 -0.2152 0.0954 0.5254 
-0.4148 -0.0966 0.276 0.6576 
-0.37 0.031 0.4328 0.7606 
-0.2954 0.1534 0.523 0.796 
-0.2272 0.2144 0.5474 0.8058 
-0.2536 0.237 0.5796 0.8174 
-0.2708 0.1958 0.5664 0.8188 
-0.2698 0.133 0.505 0.7892 
-0.2588 0.1112 0.444 0.759 
-0.2954 0.0706 0.3812 0.6936 
-0.3434 0.0376 0.3444 0.626 
-0.3796 -0.0036 0.2802 0.572 
-0.4032 -0.0484 0.227 0.519 
-0.4038 -0.079 0.1772 0.4538 
-0.43 -0.1036 0.1444 0.4244 
-0.4426 -0.1182 0.1342 0.4052 
-0.5348 -0.36 -0.1666 0.0732 
-0.0944 0.1112 0.3334 0.5882 
0.0588 0.2682 0.4666 0.7038 
0.1578 0.347 0.5 0.6888 
-0.0556 0.238 0.4762 0.697 
-0.2728 0.0286 0.381 0.6956 
-0.3514 -0.0878 0.1924 0.5758 
-0.4 -0.1666 0.0666 0.4182 
-0.4418 -0.2244 -0.0212 0.2942 
-0.4666 -0.25 -0.0508 0.2258 
-0.4166 -0.2106 -0.0204 0.2414 
-0.3334 -0.1176 0.0624 0.3 
-0.25 -0.0344 0.1538 0.4074 
-0.1876 0.0344 0.2572 0.5556 
-0.1052 0.138 0.375 0.6924 
-0.05 0.2258 0.4694 0.75 
0.0286 0.3076 0.5384 0.7714 
0.1162 0.3846 0.6 0.7916 
0.1876 0.4546 0.6572 0.8286 
0.2728 0.5264 0.7058 0.8666 
0.3062 0.5556 0.7298 0.8858 
0.2888 0.5384 0.7142 0.8666 
0.2558 0.5094 0.6956 0.8604 
0.2 0.4736 0.6744 0.85 
0.1836 0.4594 0.6552 0.8368 
0.1636 0.421 0.6216 0.8182 
0.1428 0.3888 0.5814 0.7778 
0.1176 0.3704 0.5556 0.7552 
0.0858 0.3334 0.5272 0.7334 
0.0454 0.3142 0.5102 0.7142 
0.0 0.2888 0.4858 0.6924 
-0.0556 0.25 0.4666 0.6756 
-0.5556 -0.4286 -0.2858 -0.0732 
-0.122 0.0612 0.2364 0.4594 
0.0606 0.2452 0.4286 0.647 
0.2 0.375 0.5264 0.7142 
-0.0196 0.2888 0.5186 0.7334 
-0.2858 0.0556 0.4182 0.7222 
-0.3714 -0.0858 0.2084 0.591 
-0.4222 -0.1794 0.0666 0.4286 
-0.4594 -0.2352 0.0 0.3104 
-0.4838 -0.2558 -0.0416 0.25 
-0.4444 -0.2272 -0.0212 0.234 
-0.3548 -0.1428 0.0556 0.3076 
-0.2728 -0.0566 0.1482 0.409 
-0.2 0.0244 0.2572 0.5556 
-0.1162 0.1282 0.3778 0.7 
-0.0546 0.2272 0.4894 0.7728 
0.037 0.3334 0.5652 0.7916 
0.1364 0.4194 0.6216 0.814 
0.2272 0.5 0.6818 0.8422 
0.3114 0.5676 0.7308 0.8724 
0.3548 0.5918 0.75 0.8868 
0.32 0.5686 0.7308 0.873 
0.2728 0.5312 0.7142 0.8666 
0.234 0.5 0.6924 0.8572 
0.2 0.4782 0.6734 0.8462 
0.1892 0.4468 0.6428 0.8182 
0.1628 0.4146 0.6 0.7948 
0.129 0.3794 0.5652 0.7648 
0.1 0.3448 0.532 0.7254 
0.0588 0.3158 0.5102 0.7028 
0.0 0.2692 0.4848 0.6876 
-0.081 0.2244 0.45 0.6666 
-0.6 -0.4722 -0.34 -0.1764 
-0.179 0.0 0.1818 0.3948 
0.0562 0.271 0.4566 0.663 
0.1842 0.36 0.5276 0.7392 
-0.1628 0.2048 0.5 0.7402 
-0.4086 -0.0944 0.4166 0.7692 
-0.4888 -0.2106 0.229 0.7114 
-0.537 -0.2812 0.1052 0.582 
-0.5834 -0.3442 0.04 0.5082 
-0.6164 -0.3902 -0.0126 0.452 
-0.5802 -0.3648 -0.0228 0.4324 
-0.52 -0.2988 0.0134 0.468 
-0.468 -0.2538 0.0624 0.532 
-0.425 -0.2134 0.1026 0.5696 
-0.3522 -0.1328 0.1746 0.6154 
-0.2988 -0.0488 0.2692 0.6364 
-0.2204 0.065 0.3802 0.6876 
-0.125 0.1876 0.4792 0.7528 
-0.0238 0.3066 0.5584 0.7882 
0.065 0.3764 0.6038 0.8082 
0.1076 0.4146 0.6296 0.828 
0.0882 0.4194 0.6522 0.84 
0.065 0.4042 0.6416 0.8368 
0.0294 0.3674 0.619 0.8248 
0.027 0.3584 0.5904 0.7948 
0.027 0.3246 0.5632 0.7778 
0.015 0.3052 0.5444 0.759 
-0.017 0.2766 0.5 0.7408 
-0.0466 0.2414 0.4594 0.6944 
-0.0958 0.2 0.4178 0.6364 
-0.146 0.1666 0.394 0.6036 
-0.2112 0.12 0.3658 0.5904 
-1.0 -1.0 -1.0 -1.0 
-1.0 -1.0 -1.0 -1.0 
-1.0 -1.0 -1.0 -1.0 
-1.0 -1.0 -1.0 -0.9776 
-1.0 -1.0 -1.0 -0.9618 
-1.0 -1.0 -1.0 -0.9412 
-1.0 -1.0 -0.9724 -0.9014 
-1.0 -0.9792 -0.9508 -0.8618 
-0.9802 -0.9636 -0.9262 -0.837 
-0.969 -0.9386 -0.8888 -0.7746 
-0.8086 -0.6818 -0.5352 -0.3644 
0.1474 0.344 0.501 0.6528 
0.4456 0.6716 0.8112 0.913 
0.4772 0.6854 0.8148 0.9152 
0.4114 0.6256 0.7762 0.8934 
0.3094 0.5278 0.7004 0.859 
0.1504 0.3848 0.5864 0.7912 
-0.0164 0.2154 0.4348 0.6886 
-0.1768 0.0348 0.255 0.5384 
-0.3354 -0.1478 0.0528 0.3234 
-0.5 -0.3504 -0.1824 0.0606 
-0.7052 -0.5968 -0.4808 -0.307 
-0.8814 -0.8226 -0.757 -0.6696 
-0.9474 -0.914 -0.8764 -0.8128 
-0.97 -0.9494 -0.9248 -0.8792 
-0.9816 -0.963 -0.9434 -0.9072 
-1.0 -0.983 -0.9618 -0.932 
-1.0 -1.0 -1.0 -0.9538 
-1.0 -1.0 -1.0 -0.9668 
-1.0 -1.0 -1.0 -0.9772 
-1.0 -1.0 -1.0 -1.0 
-1.0 -1.0 -1.0 -1.0 
-1.0 -1.0 -1.0 -1.0 
-1.0 -1.0 -1.0 -1.0 
-1.0 -1.0 -1.0 -1.0 
-1.0 -1.0 -1.0 -1.0 
-1.0 -1.0 -1.0 -0.9758 
-1.0 -1.0 -1.0 -0.944 
-1.0 -1.0 -1.0 -0.8518 
-1.0 -1.0 -0.9734 -0.688 
-1.0 -0.9832 -0.9334 -0.5336 
-0.985 -0.9672 -0.8756 -0.4526 
-0.9754 -0.919 -0.7596 -0.414 
-0.7984 -0.6662 -0.5082 -0.2602 
-0.1428 0.1312 0.3366 0.5328 
0.2612 0.5358 0.7126 0.8452 
0.352 0.5862 0.746 0.8636 
0.3254 0.5466 0.7076 0.837 
0.19 0.4346 0.6232 0.7982 
-0.0172 0.255 0.4918 0.7272 
-0.2326 0.0284 0.29 0.5822 
-0.4338 -0.1912 0.0448 0.365 
-0.5912 -0.414 -0.2058 0.085 
-0.727 -0.5998 -0.4552 -0.2148 
-0.8508 -0.778 -0.6906 -0.56 
-0.9342 -0.8996 -0.8578 -0.787 
-0.9608 -0.936 -0.9022 -0.8412 
-0.9758 -0.9536 -0.9242 -0.865 
-0.9862 -0.9646 -0.938 -0.8852 
-1.0 -0.9868 -0.958 -0.907 
-1.0 -1.0 -1.0 -0.9338 
-1.0 -1.0 -1.0 -0.9498 
-1.0 -1.0 -1.0 -0.9662 
-1.0 -1.0 -1.0 -1.0 
-1.0 -1.0 -1.0 -1.0 
-1.0 -1.0 -1.0 -1.0 
-1.0 -1.0 -1.0 -1.0 
-1.0 -1.0 -1.0 -1.0 
-1.0 -1.0 -1.0 -1.0 
-1.0 -1.0 -1.0 -0.9434 
-1.0 -1.0 -1.0 -0.8934 
-1.0 -1.0 -1.0 -0.78 
-1.0 -1.0 -0.92 -0.3534 
-1.0 -0.9468 -0.8506 0.2466 
-0.9468 -0.9 -0.7468 0.3832 
-0.9234 -0.82 -0.4734 0.34 
-0.7268 -0.58 -0.3334 0.1032 
-0.736 -0.6492 -0.56 -0.42 
-0.7316 -0.64 -0.54 -0.3868 
-0.7274 -0.638 -0.5382 -0.3778 
-0.7286 -0.6434 -0.5468 -0.391 
-0.7368 -0.655 -0.558 -0.409 
-0.7632 -0.675 -0.5792 -0.438 
-0.8 -0.705 -0.6046 -0.4544 
-0.8384 -0.74 -0.635 -0.489 
-0.8644 -0.7782 -0.6726 -0.5364 
-0.8824 -0.804 -0.7068 -0.584 
-0.896 -0.8246 -0.74 -0.62 
-0.89 -0.8168 -0.73 -0.6 
-0.8434 -0.7268 -0.6196 -0.4468 
-0.89 -0.7634 -0.6268 -0.4034 
-0.9468 -0.8134 -0.68 -0.44 
-1.0 -0.9468 -0.78 -0.5168 
-1.0 -1.0 -1.0 -0.64 
-1.0 -1.0 -1.0 -0.7408 
-1.0 -1.0 -1.0 -0.8468 
-1.0 -1.0 -1.0 -1.0 
-1.0 -1.0 -1.0 -1.0 
-1.0 -1.0 -1.0 -1.0 
-1.0 -1.0 -1.0 -1.0 
-1.0 -1.0 -1.0 -1.0 
-1.0 -1.0 -1.0 -1.0 
-1.0 -1.0 -1.0 -0.8572 
-1.0 -1.0 -1.0 -0.7142 
-1.0 -1.0 -1.0 -0.3428 
-1.0 -1.0 -0.8 0.1428 
-1.0 -0.8858 -0.5714 0.4858 
-0.8858 -0.7142 -0.2572 1.0 
-0.3428 0.5142 1.0 1.0 
0.8572 1.0 1.0 1.0 
0.8572 1.0 1.0 1.0 
-0.8 -0.5714 -0.2286 0.4858 
-0.9428 -0.8286 -0.7142 -0.4572 
-0.9714 -0.8858 -0.7714 -0.5714 
-0.9714 -0.8858 -0.7714 -0.5714 
-0.9714 -0.8572 -0.7428 -0.4858 
-0.9428 -0.8286 -0.6858 -0.4 
-0.8858 -0.7714 -0.5714 -0.2572 
-0.8286 -0.6572 -0.4286 0.0286 
-0.7714 -0.5142 -0.1428 0.6 
-0.6858 -0.4 0.0286 0.9142 
-0.8 -0.6286 -0.3142 0.3428 
-0.8858 -0.7714 -0.6 -0.2572 
-0.9714 -0.8572 -0.7142 -0.4572 
-1.0 -0.8858 -0.7428 -0.4858 
-1.0 -1.0 -0.8286 -0.5142 
-1.0 -1.0 -1.0 -0.7714 
-1.0 -1.0 -1.0 -0.9142 
-1.0 -1.0 -1.0 -0.9714 
-1.0 -1.0 -1.0 -1.0 
-1.0 -1.0 -1.0 -1.0 
-1.0 -1.0 -1.0 -1.0 
-0.2364 0.2534 0.8584 1.0 
-0.2242 0.2632 0.8656 1.0 
-0.2116 0.2698 0.8768 1.0 
-0.2012 0.2924 0.896 1.0 
-0.1856 0.3178 0.9144 1.0 
-0.1824 0.3306 0.9268 1.0 
-0.1694 0.3592 0.949 1.0 
-0.164 0.3754 0.9744 1.0 
-0.174 0.351 0.9824 1.0 
-0.1974 0.2318 0.7096 1.0 
-0.417 -0.0018 0.3346 0.6456 
-0.4164 0.006 0.3392 0.6498 
-0.4198 0.0086 0.3434 0.6548 
-0.4194 0.011 0.3512 0.6638 
-0.4124 0.0164 0.36 0.6728 
-0.4116 0.026 0.3692 0.678 
-0.4192 0.0262 0.3706 0.6874 
-0.4318 0.0128 0.3764 0.7054 
-0.4726 -0.0308 0.3486 0.733 
-0.4888 -0.1116 0.2792 0.7146 
-0.64 -0.5066 -0.1066 0.2 
-0.3176 -0.0588 0.1176 0.3412 
-0.8154 -0.6704 -0.4904 -0.2186 
-0.5386 -0.356 -0.1704 0.1 
-0.1654 0.13 0.3608 0.607 
0.0454 0.3446 0.573 0.79 
0.1942 0.4864 0.6842 0.8606 
-0.2916 0.6 1.0 1.0 
-0.598 -0.3562 -0.1052 0.109 
-0.352 -0.0944 0.1136 0.3216 
-0.25 0.0428 0.2712 0.5142 
-0.1822 0.071 0.3218 0.618 
-0.1608 0.0638 0.2848 0.5602 
-0.1056 0.114 0.331 0.589 
0.0 0.234 0.4706 0.7182 
0.103 0.3514 0.5806 0.8124 
0.188 0.4522 0.6638 0.849 
0.2778 0.5294 0.7132 0.8776 
0.3846 0.6112 0.7794 0.9184 
0.3976 0.6136 0.7728 0.9112 
0.414 0.6364 0.7864 0.918 
0.4 0.6012 0.7458 0.8826 
0.3846 0.576 0.7204 0.8512 
0.3914 0.579 0.709 0.8482 
0.375 0.5592 0.699 0.84 
0.3448 0.5324 0.6812 0.8302 
0.3012 0.5138 0.6642 0.8136 
0.2834 0.5116 0.6702 0.828 
0.268 0.5218 0.6806 0.836 
0.234 0.489 0.6524 0.8182 
0.1816 0.4358 0.6098 0.7848 
0.1304 0.3988 0.5692 0.7464 
0.0844 0.3448 0.529 0.7134 
0.0792 0.3366 0.5228 0.7142 
0.0806 0.3374 0.5228 0.7142 
0.0526 0.2894 0.4684 0.6642 
-0.023 0.2068 0.3762 0.5726 
-0.0614 0.1476 0.3104 0.5152 
-0.1786 0.011 0.174 0.3744 
-0.5526 -0.3684 -0.2066 0.0048 
-0.6426 -0.3264 -0.0666 0.1482 
-0.4382 -0.1014 0.153 0.3866 
-0.3998 0.0 0.309 0.5782 
-0.3472 -0.0272 0.292 0.6116 
-0.3254 -0.0642 0.179 0.4948 
-0.262 -0.0376 0.21 0.5042 
-0.1508 0.0968 0.3466 0.6416 
-0.027 0.2348 0.4902 0.7648 
0.1008 0.3636 0.5984 0.8158 
0.2156 0.4706 0.67 0.8462 
0.3274 0.5814 0.75 0.8948 
0.3514 0.5752 0.7294 0.877 
0.3558 0.5752 0.7306 0.8824 
0.3334 0.5456 0.6924 0.8392 
0.3318 0.528 0.6748 0.8192 
0.3382 0.5338 0.6706 0.8084 
0.3334 0.5256 0.6688 0.8118 
0.2958 0.5128 0.6628 0.8128 
0.271 0.489 0.6482 0.7996 
0.2448 0.4902 0.6628 0.8188 
0.235 0.498 0.6762 0.8384 
0.1976 0.4622 0.6504 0.8236 
0.1382 0.4118 0.611 0.788 
0.0796 0.3782 0.575 0.7578 
0.0252 0.328 0.5418 0.7284 
0.031 0.3364 0.5392 0.7304 
0.0572 0.3514 0.5518 0.7346 
0.0318 0.3124 0.5136 0.6992 
-0.0338 0.2364 0.426 0.6168 
-0.0576 0.1958 0.3816 0.5736 
-0.1448 0.0896 0.2728 0.4696 
-0.503 -0.2778 -0.0624 0.1536 
-0.3674 -0.1024 0.091 0.3076 
-0.1686 0.1538 0.363 0.592 
-0.2114 0.1376 0.4558 0.7272 
-0.2688 0.0214 0.3304 0.6712 
-0.2828 -0.0476 0.174 0.4618 
-0.2388 -0.0156 0.1896 0.4394 
-0.0986 0.1194 0.3366 0.5976 
0.0302 0.2574 0.4934 0.7632 
0.161 0.4076 0.623 0.826 
0.2816 0.5356 0.7262 0.8802 
0.3906 0.635 0.8 0.932 
0.3972 0.6206 0.772 0.9082 
0.3698 0.5938 0.7538 0.8932 
0.3434 0.551 0.7102 0.8532 
0.3296 0.52 0.6694 0.8154 
0.3124 0.509 0.6492 0.7968 
0.2912 0.492 0.646 0.7956 
0.2478 0.4688 0.6312 0.7868 
0.203 0.4286 0.6028 0.7594 
0.1624 0.4136 0.5938 0.7648 
0.1228 0.3968 0.5944 0.7806 
0.0738 0.3626 0.5726 0.758 
0.0198 0.298 0.51 0.7198 
-0.026 0.25 0.4666 0.6854 
-0.0708 0.2062 0.4322 0.653 
-0.0608 0.2066 0.4272 0.6498 
-0.0352 0.2258 0.4376 0.6494 
-0.0596 0.1878 0.3982 0.6084 
-0.1154 0.125 0.3236 0.5308 
-0.1372 0.0918 0.2892 0.4922 
-0.2088 0.011 0.1968 0.406 
-0.52 -0.3014 -0.1134 0.1112 
-0.9404 -0.433 0.0942 0.7964 
-1.0 -1.0 -1.0 -1.0 
-1.0 -1.0 -1.0 -1.0 
-1.0 1.0 1.0 1.0 
-1.0 -1.0 -1.0 -0.8 
-1.0 -1.0 -1.0 -1.0 
-1.0 -1.0 -1.0 -0.6 
-0.8334 -0.8 -0.5666 0.0334 
-1.0 -1.0 -1.0 -1.0 
-0.5352 -0.3182 -0.1312 0.125 
-0.3484 -0.1068 0.08 0.3018 
-0.228 -0.0136 0.151 0.3504 
-0.1404 0.0862 0.2758 0.5102 
-0.164 0.04 0.2186 0.473 
-0.1504 0.045 0.2278 0.5 
-0.0416 0.1496 0.3458 0.6364 
0.0286 0.2264 0.4388 0.7014 
0.1182 0.3334 0.5304 0.7638 
0.1972 0.423 0.625 0.8334 
0.2356 0.4736 0.6698 0.872 
0.228 0.4458 0.6388 0.8334 
0.2524 0.46 0.624 0.8136 
0.2294 0.4226 0.5932 0.7778 
0.2034 0.3918 0.5478 0.7264 
0.1826 0.3664 0.5186 0.7006 
0.164 0.359 0.5254 0.7116 
0.1578 0.3462 0.5148 0.711 
0.129 0.322 0.4934 0.6896 
0.1214 0.3204 0.5162 0.7222 
0.136 0.3396 0.523 0.7426 
0.0958 0.3118 0.5 0.7304 
0.0624 0.2584 0.451 0.6862 
0.0322 0.227 0.4188 0.646 
0.0078 0.1964 0.38 0.6102 
0.0124 0.2 0.3828 0.631 
0.0222 0.209 0.4022 0.6482 
-0.009 0.1764 0.3684 0.6046 
-0.0714 0.101 0.2792 0.5272 
-0.1158 0.058 0.24 0.4744 
-0.208 -0.037 0.1338 0.3606 
-0.5898 -0.4066 -0.2232 0.0196 
